6
0 20 15 0 80 0
40 0 0 0 10 30
20 4 0 0 0 10
36 18 15 0 0 0 
0 0 90 15 0 0
0 0 45 4 10 0 
1 4
10
0 4 0 0 0 7 0 0 0 0
4 0 1 0 0 0 3 0 0 0
0 1 0 0 0 0 5 8 0 0
0 0 0 0 8 0 0 4 0 0
0 0 0 8 0 0 0 0 3 0
7 0 0 0 0 0 0 0 0 1
0 3 5 0 0 0 0 2 0 0
0 0 8 4 0 0 2 0 0 0
0 0 0 0 0 3 0 0 0 9
0 0 0 0 0 1 0 0 9 0
1 8

11
0 4 0 2 0 1 0 0 0 0 0
4 0 0 0 0 9 0 0 0 0 0
0 0 0 0 0 5 5 0 0 0 0
2 0 0 0 7 0 0 0 0 0 0
0 0 0 7 0 0 9 8 0 0 0
1 9 5 0 0 0 3 0 0 0 0
0 0 0 0 9 3 0 0 0 6 0
0 0 0 0 8 0 0 0 2 0 7
0 0 0 0 0 0 0 2 0 4 0
0 0 0 0 0 0 6 0 4 0 9
0 0 0 0 0 0 0 7 0 9 0
2 4

12
0 4 0 2 0 1 0 0 0 0 0 3
4 0 0 0 0 9 0 0 0 0 0 5 
0 0 0 0 0 5 5 0 0 0 0 7
2 0 0 0 7 0 0 0 0 0 0 0 
0 0 0 7 0 0 9 8 0 0 0 0 
1 9 5 0 0 0 3 0 0 0 0 0
0 0 0 0 9 3 0 0 0 6 0 0
0 0 0 0 8 0 0 0 2 0 7 0 
0 0 0 0 0 0 0 2 0 4 0 0
0 0 0 0 0 0 6 0 4 0 9 0 
0 0 0 0 0 0 0 7 0 9 0 0
3 5 7 0 0 0 0 0 0 0 0 0
3 5